horizon@Horizon-MSI-PC:~/slam_ws/my_slam_lib/rootBA/rootVIO/build$ ./test_rootvo_marg_pos 
Test rootVIO solver on Mono BA problem.

Step 1: Prepare dataset.

Step 2: Construct problem solver.
problem has 1 ex pose.

Step 3: Add camera pose vertices.
problem has 4 cameras.

Step 4: Add landmark position vertices.
problem has 5 landmarks.

Step 5: Start marginalize oldest frame.
  prior J is
 -0.00408623   0.00594839    -0.001781    -0.148021    0.0127227   -0.0297433    0.0275183   -0.0307874    -0.178436     0.448069    0.0700896    -0.065735   -0.0323363     0.120645     0.141426      -0.9483    0.0465291   -0.0607487   0.00481797   -0.0898572    0.0370105      0.35221    -0.103896    0.0967404
           0   -0.0464901  -0.00416155     0.271425   -0.0686739     0.365898    -0.300981   -0.0415237   -0.0201847     0.212381     -1.91793    -0.458925   -0.0131653  -0.00976984  -0.00418888    0.0500225   -0.0928394   -0.0259207     0.314146    0.0512936    0.0243736   0.00902164      1.94209     0.850744
           0            0   0.00675806   -0.0859927    0.0164202  -0.00801755   -0.0987492     0.146044   -0.0252617    -0.748661    -0.526781    -0.156252     0.216008     -0.26456   -0.0737486      1.61279      1.02198     0.352444    -0.117259     0.118516    0.0990103    -0.950124    -0.478775     -0.20421
           0            0            0      0.12366  -0.00786589 -0.000514451   -0.0578817   -0.0409494  -0.00178076     0.293388    -0.542186   -0.0433799    0.0907114    0.0484189     0.159984    -0.543387       0.7315     0.130734   -0.0328297  -0.00746949    -0.158203     0.373659    -0.197179   -0.0878682
           0            0            0            0   -0.0385978   0.00351044   0.00422886   0.00302458 -0.000144404    -0.165553     0.203551     0.369821   -0.0161822   -0.0201366    0.0573212   -0.0564538    0.0706692    -0.507984    0.0119533    0.0171121   -0.0571768     0.222007    -0.312818     0.141674
           0            0            0            0            0    0.0366221     0.131409    0.0931323   0.00265271    -0.526215     0.951917    0.0820175    -0.254289     -0.19391   -0.0140372     0.986791     -1.97579     -0.29512      0.12288     0.100778    0.0113845    -0.460576      1.02387     0.249725
           0            0            0            0            0            0   -0.0524631   -0.0371719  -0.00114235   -0.0183541   -0.0539966    -0.239954    0.0986526    0.0724338    0.0263174   -0.0567148     0.232233     0.583456   -0.0461895   -0.0352619    -0.025175    0.0750692    -0.178237    -0.343501
           0            0            0            0            0            0            0 -1.75675e-05  0.000144307   -0.0545179   -0.0677458     0.303053   0.00502875   0.00873692   -0.0363202     0.235544    -0.106041    -0.570611  -0.00502875  -0.00871935    0.0361759    -0.181026     0.173787     0.267558
           0            0            0            0            0            0            0            0 -7.73379e-06  0.000586428    0.0194863    -0.159974 -0.000262056 -0.000453245   0.00189193    0.0291371    0.0585811    -0.256344  0.000262054  0.000453228  -0.00188417   -0.0297237   -0.0780673     0.416319
           0            0            0            0            0            0            0            0            0   -0.0982416   -0.0489905   -0.0808712 -1.65099e-05 -2.90141e-05  0.000120163     0.184823    0.0970973    0.0467406   1.6507e-05  2.89898e-05 -0.000120172   -0.0865815   -0.0481066    0.0341307
           0            0            0            0            0            0            0            0            0            0   -0.0491782     0.409775 -2.04984e-05 -3.60594e-05  0.000149407    0.0936529    0.0821935    -0.279893  2.05139e-05  3.60457e-05 -0.000149438   -0.0936529   -0.0330154    -0.129881
           0            0            0            0            0            0            0            0            0            0            0 -0.000130758 -1.27196e-05 -2.11919e-05  8.77947e-05   -0.0253383   -0.0279854     0.139859  1.27164e-05  2.12537e-05 -8.77783e-05    0.0253383    0.0279853    -0.139729
           0            0            0            0            0            0            0            0            0            0            0            0 -4.35714e-05 -7.62192e-05  0.000316418   -0.0514266   -0.0557695     0.284231  4.35562e-05  7.62482e-05 -0.000316421    0.0514268    0.0557694    -0.284231
           0            0            0            0            0            0            0            0            0            0            0            0            0            0            0   -0.0333883   -0.0378417     0.184165 -2.65351e-08 -1.69706e-07  4.31056e-07    0.0333883    0.0378417    -0.184165
           0            0            0            0            0            0            0            0            0            0            0            0            0            0            0            0  3.44766e-06 -7.01822e-06   2.2483e-10  3.12554e-08 -1.72137e-07  3.21959e-08 -3.46301e-06  7.06976e-06
           0            0            0            0            0            0            0            0            0            0            0            0            0            0            0            0            0  7.87444e-06  3.72999e-09  2.78319e-08 -1.46017e-07  5.48412e-08  6.88571e-08 -7.84211e-06
  prior r is
  -0.0124223
  -0.0341609
   0.0305849
 -0.00224964
  0.00617125
-0.000727842
  0.00248791
  0.00215988
 0.000830453
  0.00534249
  0.00363472
 -0.00069134
 0.000677325
 0.000743326
 0.000523583
-0.000316876
  prior H is
 1.66973e-05 -2.43065e-05  7.27756e-06  0.000604847  -5.1988e-05  0.000121538 -0.000112446  0.000125804  0.000729132  -0.00183091 -0.000286402  0.000268608  0.000132134 -0.000492982 -0.000577899   0.00387497 -0.000190129  0.000248233 -1.96873e-05  0.000367177 -0.000151233  -0.00143921  0.000424543 -0.000395303
-2.43065e-05   0.00219671  0.000182877   -0.0134991   0.00326834   -0.0171876    0.0141563   0.00174731 -0.000123023  -0.00720834    0.0895815    0.0209444  0.000419707   0.00117184     0.001036  -0.00796641   0.00459289  0.000843698    -0.014576  -0.00291915 -0.000912977   0.00167567    -0.090906   -0.0389757
 7.27756e-06  0.000182877  6.61618e-05  -0.00144707  0.000374099  -0.00152391  0.000536184   0.00121461  0.000231074  -0.00674134   0.00429668  0.000970953   0.00157218  -0.00196213 -0.000732844    0.0123801   0.00721007    0.0025979  -0.00210836  0.000747515   0.00050177  -0.00708583   -0.0111327  -0.00509277
 0.000604847   -0.0134991  -0.00144707     0.118268   -0.0229078     0.104342   -0.0844332    -0.024336    0.0228858     0.091982    -0.552696    -0.106762  -0.00614469   0.00822807   0.00405448   -0.0519383   -0.0295115   -0.0121845    0.0905778    0.0161079   -0.0269402    0.0782247       0.5593     0.223289
 -5.1988e-05   0.00326834  0.000374099   -0.0229078   0.00669926   -0.0257692    0.0196902   0.00506333  -0.00127926   -0.0170953     0.120361    0.0141811   0.00395068   -0.0017419  -0.00259486    0.0174354    0.0152671    0.0253732   -0.0236409  -0.00332143   0.00387412   -0.0232479    -0.128929   -0.0653234
 0.000121538   -0.0171876  -0.00152391     0.104342   -0.0257692     0.136184    -0.105298   -0.0120063  -0.00177814    0.0503821    -0.663772    -0.160388   -0.0150033    -0.012239  -0.00554305    0.0697978    -0.116033   -0.0231616     0.120301    0.0242453    0.0073212   -0.0158374     0.754036     0.319733
-0.000112446    0.0141563  0.000536184   -0.0844332    0.0196902    -0.105298     0.124487    0.0138005   0.00417049   -0.0635313     0.791374      0.17919   -0.0621683  0.000216255  0.000192156   -0.0365514    -0.385558     -0.10778   -0.0623188   -0.0140167  -0.00436265    0.0156495    -0.386126    -0.176708
 0.000125804   0.00174731   0.00121461    -0.024336   0.00506333   -0.0120063    0.0138005    0.0357424    0.0030044     -0.19279     0.114029    0.0177081   0.00197574   -0.0647417   -0.0236136     0.378744   -0.0707052  -0.00163427   -0.0157762    0.0289994    0.0206092     -0.21029   -0.0382602   -0.0280801
 0.000729132 -0.000123023  0.000231074    0.0228858  -0.00127926  -0.00177814   0.00417049    0.0030044    0.0328967   -0.0672075    0.0430266    0.0255004 -0.000366739   -0.0153261   -0.0236537     0.131152   -0.0390805  0.000770458  -0.00380375    0.0123217  -0.00924298   -0.0410584  -0.00522534    -0.028049
 -0.00183091  -0.00720834  -0.00674134     0.091982   -0.0170953    0.0503821   -0.0635313     -0.19279   -0.0672075      1.20971    -0.665719    -0.131319   -0.0179821     0.367823     0.164012       -2.321     0.470635  -0.00317737    0.0815134    -0.175032   -0.0968046      1.20327     0.177989     0.184878
-0.000286402    0.0895815   0.00429668    -0.552696     0.120361    -0.663772     0.791374     0.114029    0.0430266    -0.665719       5.2151      1.10788    -0.391014   -0.0528866   -0.0305764     0.184487     -2.63307    -0.581786     -0.40036    -0.061142   -0.0124502   -0.0714634     -2.46167     -1.18986
 0.000268608    0.0209444  0.000970953    -0.106762    0.0141811    -0.160388      0.17919    0.0177081    0.0255004    -0.131319      1.10788      0.73419    -0.078473  -0.00223329 -0.000316834   -0.0252301    -0.359185    -0.647332    -0.100717   -0.0154748   -0.0251836    0.0497875     -0.73451    -0.247246
 0.000132134  0.000419707   0.00157218  -0.00614469   0.00395068   -0.0150033   -0.0621683   0.00197574 -0.000366739   -0.0179821    -0.391014    -0.078473     0.130789  0.000297205 -0.000880944     0.074654     0.810467     0.228309   -0.0686209  -0.00227294   0.00124769   -0.0628166    -0.415502     -0.16484
-0.000492982   0.00117184  -0.00196213   0.00822807   -0.0017419    -0.012239  0.000216255   -0.0647417   -0.0153261     0.367823   -0.0528866  -0.00223329  0.000297205     0.130317    0.0475161    -0.760167     0.169135    0.0108442 -0.000513459   -0.0655753     -0.03219     0.400572     -0.11799   -0.0208499
-0.000577899     0.001036 -0.000732844   0.00405448  -0.00259486  -0.00554305  0.000192156   -0.0236136   -0.0236537     0.164012   -0.0305764 -0.000316834 -0.000880944    0.0475161    0.0565507     -0.36726    0.0904913  -0.00287468  0.000688787   -0.0239026    -0.032897     0.207303   -0.0625097  -0.00235153
  0.00387497  -0.00796641    0.0123801   -0.0519383    0.0174354    0.0697978   -0.0365514     0.378744     0.131152       -2.321     0.184487   -0.0252301     0.074654    -0.760167     -0.36726      4.88196    -0.757658    0.0742998   -0.0381026     0.381422     0.236109     -2.61291     0.590607    0.0207282
-0.000190129   0.00459289   0.00721007   -0.0295115    0.0152671    -0.116033    -0.385558   -0.0707052   -0.0390805     0.470635     -2.63307    -0.359185     0.810467     0.169135    0.0904913    -0.757658      5.58917      1.13839    -0.424909   -0.0984296   -0.0514108     0.257512     -2.94084    -0.895234
 0.000248233  0.000843698    0.0025979   -0.0121845    0.0253732   -0.0231616     -0.10778  -0.00163427  0.000770458  -0.00317737    -0.581786    -0.647332     0.228309    0.0108442  -0.00287468    0.0742998      1.13839      1.43733    -0.120529  -0.00920994   0.00210431   -0.0833069    -0.531227    -0.813164
-1.96873e-05    -0.014576  -0.00210836    0.0905778   -0.0236409     0.120301   -0.0623188   -0.0157762  -0.00380375    0.0815134     -0.40036    -0.100717   -0.0686209 -0.000513459  0.000688787   -0.0381026    -0.424909    -0.120529      0.13094    0.0162897   0.00311496    0.0471671     0.801628     0.341547
 0.000367177  -0.00291915  0.000747515    0.0161079  -0.00332143    0.0242453   -0.0140167    0.0289994    0.0123217    -0.175032    -0.061142   -0.0154748  -0.00227294   -0.0655753   -0.0239026     0.381422   -0.0984296  -0.00920994    0.0162897    0.0365759    0.0115809    -0.190282      0.15625      0.04893
-0.000151233 -0.000912977   0.00050177   -0.0269402   0.00387412    0.0073212  -0.00436265    0.0206092  -0.00924298   -0.0968046   -0.0124502   -0.0251836   0.00124769     -0.03219    -0.032897     0.236109   -0.0514108   0.00210431   0.00311496    0.0115809      0.04214    -0.166244    0.0677351    0.0304005
 -0.00143921   0.00167567  -0.00708583    0.0782247   -0.0232479   -0.0158374    0.0156495     -0.21029   -0.0410584      1.20327   -0.0714634    0.0497875   -0.0628166     0.400572     0.207303     -2.61291     0.257512   -0.0833069    0.0471671    -0.190282    -0.166244      1.48787    -0.209296     0.017682
 0.000424543    -0.090906   -0.0111327       0.5593    -0.128929     0.754036    -0.386126   -0.0382602  -0.00522534     0.177989     -2.46167     -0.73451    -0.415502     -0.11799   -0.0625097     0.590607     -2.94084    -0.531227     0.801628      0.15625    0.0677351    -0.209296      5.27358      2.01977
-0.000395303   -0.0389757  -0.00509277     0.223289   -0.0653234     0.319733    -0.176708   -0.0280801    -0.028049     0.184878     -1.18986    -0.247246     -0.16484   -0.0208499  -0.00235153    0.0207282    -0.895234    -0.813164     0.341547      0.04893    0.0304005     0.017682      2.01977      1.38014
  prior b is
-5.07603e-05
 -0.00151425
-0.000370981
   0.0103417
 -0.00246963
    0.012379
 -0.00684986
 -0.00621816
 -0.00213214
   0.0377053
   -0.049614
  -0.0150173
 -0.00759506
  0.00915016
  0.00387533
  -0.0612316
  -0.0352474
 -0.00867671
   0.0144449
 -0.00293199
  -0.0017432
   0.0338679
   0.0823917
    0.036073

Step 6: Construct problem2 solver.

Step 7: Add camera pose vertices.
problem2 has 4 cameras.

Step 8: Add prior for problem2.

Step 9: Start marginalize subnew frame.
  prior J is
 -0.00325789   0.00504765  0.000671457     -0.10513   0.00846575   -0.0154305    0.0209425    0.0396307    -0.149546    0.0244062    0.0905698   -0.0496399   -0.0209425   -0.0396307     0.149546    -0.129537   -0.0821041    0.0342095            0            0            0            0            0            0
           0   -0.0225957  0.000952607     0.128682   -0.0260604     0.150609      -0.3046   -0.0372529   -0.0234322     0.198243     -1.94884    -0.442011       0.3046     0.037253    0.0234322   -0.0695612      1.92278     0.592621            0            0            0            0            0            0
           0            0            0   -0.0287551   -0.0112236   0.00827829 -5.06319e-07 -3.18567e-08 -1.06159e-06    -0.216427     0.367357    -0.192013  5.29348e-07  2.74146e-08  1.06286e-06     0.187672     -0.37858     0.200292            0            0            0            0            0            0
           0            0            0            0   -0.0186153  0.000784774  1.82769e-07 -2.93129e-08  3.84958e-07    -0.106462    0.0124947     0.517461 -1.62229e-07  2.63594e-08 -3.22443e-07     0.106462     -0.03111    -0.516676            0            0            0            0            0            0
           0            0            0            0            0            0            0            0  -1.0697e-06     0.024303   0.00376645    0.0895411  3.25071e-07 -2.50825e-07  1.17654e-06   -0.0243031  -0.00376654   -0.0895411            0            0            0            0            0            0
           0            0            0            0            0            0            0            0            0    0.0742425    0.0115334     0.273523 -4.48061e-08  5.89849e-08  -1.0722e-07   -0.0742425   -0.0115335    -0.273523            0            0            0            0            0            0
           0            0            0            0            0            0            0            0            0            0   3.3075e-06   6.7938e-06 -5.16423e-07 -2.01607e-07  1.52033e-07  7.51417e-08 -3.21752e-06 -7.07316e-06            0            0            0            0            0            0
           0            0            0            0            0            0            0            0            0            0            0  6.63161e-06 -4.22166e-08   3.3107e-08 -8.10009e-08 -3.37188e-10 -8.19683e-08  -6.6012e-06            0            0            0            0            0            0
  prior r is
-0.000611214
 -0.00312658
  0.00200861
  0.00484281
 -0.00186158
  -0.0018462
  0.00134429
 0.000163967