horizon@Horizon-MSI-PC:~/slam_ws/my_slam_lib/rootBA/rootVIO/build$ ./test_rootvo_marg_invdep 
Test rootVIO solver on Mono BA problem.

Step 1: Prepare dataset.

Step 2: Construct problem solver.
problem has 1 ex pose.

Step 3: Add camera pose vertices.
problem has 4 cameras.

Step 4: Add landmark position vertices.
problem has 5 landmarks.

Step 5: Start marginalize oldest frame.
  prior J is
   0.0419033   -0.0222829    0.0243299    -0.066216     0.111304     0.255727    0.0108489   -0.0669899   -0.0211483     0.394926    0.0076513    0.0300517    0.0182953    -0.180088    -0.170356      1.33761   -0.0981316     0.124868   -0.0291443     0.247078     0.191505     -1.79875     0.201784     0.100807
           0   -0.0312766   -0.0274813     0.270452    0.0516388     0.252065    -0.282595   -0.0579395    0.0240153      0.21121      -1.8512    -0.248453   0.00454284    0.0570411    -0.015719     -0.23926     0.116194   -0.0388104     0.278052  0.000898428  -0.00829635     0.298502      1.78664     0.539329
           0            0   -0.0455602    0.0509838   -0.0533614    0.0198769     0.151384    0.0516413  -0.00755568    -0.239655     0.987168      0.19756    -0.312077    0.0245005   -0.0305515    -0.178719     -1.94822    -0.463098     0.160693   -0.0761419    0.0381072     0.469357      0.90769     0.285415
           0            0            0    -0.175482    0.0842298  -0.00512826   -0.0734149   -0.0346242    -0.127792     0.273456    -0.390359   -0.0280081    0.0711808    0.0601192    0.0689123    -0.507896     0.407266      0.61633   0.00223419    -0.025495    0.0588792    0.0589582    0.0673222     -0.59345
           0            0            0            0    0.0807899     0.118061    0.0224566    0.0131951    0.0341318    0.0757007    -0.145072   -0.0138417    -0.065309   -0.0942419  -0.00603409     0.413658     -0.53091     0.376597    0.0428525    0.0810467   -0.0280977    -0.489358     0.756771    -0.244694
           0            0            0            0            0    -0.227418    0.0288312   0.00821037     0.060442    0.0109155  0.000948101   -0.0775068    0.0621103     0.133308   -0.0581874    -0.723554     0.782054     0.280834   -0.0909414    -0.141519  -0.00225461     0.712638    -0.783002    -0.430746
           0            0            0            0            0            0    0.0709033    0.0327343     0.124763    -0.558248      0.71541     0.197628   -0.0569525   -0.0375155   -0.0706303     0.361458    -0.601733      0.26493   -0.0139508   0.00478115   -0.0541324      0.19679    -0.113676    -0.462558
           0            0            0            0            0            0            0  -0.00275618   0.00524751   0.00859165    0.0387619    0.0382225    0.0460796    0.0802841   -0.0159243   -0.0280103    0.0318537    0.0925751   -0.0460796   -0.0775279    0.0106768    0.0194187   -0.0706156    -0.130798
           0            0            0            0            0            0            0            0            0     0.136552   -0.0950335     0.538843 -4.49892e-07 -7.84675e-07  1.84789e-07   -0.0447171    0.0274529     -0.21561  4.58273e-07  7.83851e-07  -8.2947e-08   -0.0918348    0.0675805    -0.323234
           0            0            0            0            0            0            0            0            0            0    0.0895285    -0.188467 -2.08095e-06 -3.63745e-06  7.62734e-07    0.0617682    0.0602987    0.0203541   2.1041e-06   3.6333e-06 -5.69235e-07   -0.0617682    -0.149827     0.168113
           0            0            0            0            0            0            0            0            0            0            0  7.29772e-06  4.83023e-07  8.57391e-07 -2.65631e-07   -0.0252689   -0.0303052    0.0075938 -4.79514e-07 -8.73009e-07  2.85001e-08    0.0252689    0.0303053  -0.00760109
           0            0            0            0            0            0            0            0            0            0            0            0  1.35307e-06  2.36267e-06 -4.85354e-07   -0.0629457   -0.0754907    0.0189222 -1.36915e-06 -2.36412e-06  4.17495e-07    0.0629456    0.0754904   -0.0189222
           0            0            0            0            0            0            0            0            0            0            0            0            0            0            0    -0.156409    -0.187585    0.0470107 -1.13568e-09 -9.71579e-09 -1.82927e-08     0.156409     0.187585   -0.0470107
  prior r is
 -0.0858343
  -0.175308
  -0.198954
 -0.0281705
 -0.0649068
   0.139326
  0.0611736
  0.0485025
  0.0135003
 0.00891016
-0.00566191
 -0.0164369
 -0.0426982
  prior H is
  0.00175588 -0.000933727    0.0010195  -0.00277467     0.004664    0.0107158  0.000454604   -0.0028071 -0.000886183    0.0165487  0.000320614   0.00125927  0.000766635  -0.00754628  -0.00713849    0.0560502  -0.00411204   0.00523238  -0.00122124    0.0103534   0.00802468   -0.0753736   0.00845542   0.00422415
-0.000933727   0.00147475  0.000317381  -0.00698332  -0.00409526   -0.0135821   0.00859685   0.00330488 -0.000279871    -0.015406    0.0577287   0.00710113 -0.000549758   0.00222884   0.00428767   -0.0223226   -0.0014475  -0.00156857  -0.00804709  -0.00553372   -0.0040078    0.0307453   -0.0603765   -0.0191146
   0.0010195  0.000317381    0.0034229   -0.0113662   0.00372007  -0.00161087   0.00113293  -0.00239039  -0.00083027    0.0147229   0.00608398  -0.00144191    0.0145386  -0.00706534  -0.00232084    0.0472616    0.0831806    0.0252035   -0.0156715   0.00945574   0.00315111   -0.0733507   -0.0855445   -0.0253724
 -0.00277467  -0.00698332   -0.0113662     0.110922   -0.0109057    0.0531517   -0.0565455  -0.00252526    0.0299352   -0.0292333    -0.382337   -0.0541973   -0.0283846    0.0180509   -0.0066214   -0.0732648    -0.132873     -0.15053    0.0849302   -0.0155256   -0.0233138      0.21342     0.504304     0.257879
    0.004664  -0.00409526   0.00372007   -0.0109057    0.0315242    0.0495253   -0.0258329   -0.0150542  -0.00871693    0.0968007    -0.192019   -0.0235044     0.019643   -0.0209563   -0.0128258     0.136702    0.0904492     0.118944   0.00618982    0.0360105    0.0215427    -0.244409     0.133094   -0.0459146
   0.0107158   -0.0135821  -0.00161087    0.0531517    0.0495253     0.195012   -0.0689779    -0.030841  -0.00856558     0.154521    -0.460386   -0.0348786   -0.0225799   -0.0729396   -0.0359671     0.494192    -0.277152  -0.00962186    0.0915578     0.103781    0.0445327    -0.595561     0.787064     0.239512
 0.000454604   0.00859685   0.00113293   -0.0565455   -0.0258329   -0.0689779     0.114647    0.0288602    0.0125771    -0.149325     0.748817     0.113968   -0.0572687   -0.0197108   -0.0139113     0.106414    -0.390769   -0.0676931   -0.0573786  -0.00914944   0.00133419   -0.0136346     -0.38388    -0.115253
  -0.0028071   0.00330488  -0.00239039  -0.00252526   -0.0150542    -0.030841    0.0288602    0.0130309   0.00907596   -0.0777468     0.192645     0.029099   -0.0224126   0.00634447   0.00553366   -0.0559607    -0.135238    -0.035679  -0.00644766   -0.0193754   -0.0146096     0.131182    -0.072461   -0.0242609
-0.000886183 -0.000279871  -0.00083027    0.0299352  -0.00871693  -0.00856558    0.0125771   0.00907596    0.0378232    -0.102774    0.0823724    0.0151843   -0.0123549   -0.0021079   -0.0179688    0.0475563    -0.078218   -0.0154682 -0.000222195  -0.00696806   -0.0198544     0.085153   -0.0128713  -0.00828165
   0.0165487    -0.015406    0.0147229   -0.0292333    0.0968007     0.154521    -0.149325   -0.0777468    -0.102774     0.668999     -1.15429    -0.133924     0.130364    -0.032552  -0.00623141     0.196953     0.872341      0.17567    0.0189612     0.110299     0.109006    -0.895186     0.378747     0.112774
 0.000320614    0.0577287   0.00608398    -0.382337    -0.192019    -0.460386     0.748817     0.192645    0.0823724     -1.15429      5.10529     0.742845    -0.373554    -0.116183   -0.0795911     0.681576     -2.64675    -0.463878    -0.375263   -0.0764615  -0.00278129    0.0903742     -2.65056    -0.739353
  0.00125927   0.00710113  -0.00144191   -0.0541973   -0.0235044   -0.0348786     0.113968     0.029099    0.0151843    -0.133924     0.742845     0.475035   -0.0776305   -0.0298005   -0.0191537     0.163541    -0.595654    -0.186456   -0.0363378  0.000701505   0.00396944   -0.0838147    -0.170695    -0.323458
 0.000766635 -0.000549758    0.0145386   -0.0283846     0.019643   -0.0225799   -0.0572687   -0.0224126   -0.0123549     0.130364    -0.373554   -0.0776305     0.116304    0.0138683    0.0113204   -0.0508256     0.754702     0.172527   -0.0590355   0.00854427   0.00103458    -0.107923    -0.361505    -0.117476
 -0.00754628   0.00222884  -0.00706534    0.0180509   -0.0209563   -0.0729396   -0.0197108   0.00634447   -0.0021079    -0.032552    -0.116183   -0.0298005    0.0138683    0.0744055      0.02736    -0.440697     0.180472  0.000445899   0.00584249     -0.08075   -0.0252521       0.4913   -0.0852446    -0.043585
 -0.00713849   0.00428767  -0.00232084   -0.0066214   -0.0128258   -0.0359671   -0.0139113   0.00553366   -0.0179688  -0.00623141   -0.0795911   -0.0191537    0.0113204      0.02736    0.0436151    -0.239128     0.102169  -0.00284067   0.00259097   -0.0328937   -0.0256463     0.238738   -0.0354037   -0.0139727
   0.0560502   -0.0223226    0.0472616   -0.0732648     0.136702     0.494192     0.106414   -0.0559607    0.0475563     0.196953     0.681576     0.163541   -0.0508256    -0.440697    -0.239128       2.9973    -0.984239  -0.00604225   -0.0555884     0.496658     0.191572     -3.26752     0.439365     0.336693
 -0.00411204   -0.0014475    0.0831806    -0.132873    0.0904492    -0.277152    -0.390769    -0.135238    -0.078218     0.872341     -2.64675    -0.595654     0.754702     0.180472     0.102169    -0.984239      5.28732     0.984516    -0.363932   -0.0452337   -0.0239509   -0.0209741     -2.55012    -0.666014
  0.00523238  -0.00156857    0.0252035     -0.15053     0.118944  -0.00962186   -0.0676931    -0.035679   -0.0154682      0.17567    -0.463878    -0.186456     0.172527  0.000445899  -0.00284067  -0.00604225     0.984516       0.9604    -0.104833    0.0352331    0.0183089    -0.320157    -0.401694    -0.783566
 -0.00122124  -0.00804709   -0.0156715    0.0849302   0.00618982    0.0915578   -0.0573786  -0.00644766 -0.000222195    0.0189612    -0.375263   -0.0363378   -0.0590355   0.00584249   0.00259097   -0.0555884    -0.363932    -0.104833     0.116414  0.000605169  -0.00236878     0.121557     0.745385     0.232729
   0.0103534  -0.00553372   0.00945574   -0.0155256    0.0360105     0.103781  -0.00914944   -0.0193754  -0.00696806     0.110299   -0.0764615  0.000701505   0.00854427     -0.08075   -0.0328937     0.496658   -0.0452337    0.0352331  0.000605169     0.100125    0.0398618    -0.622482     0.157706    0.0678459
  0.00802468   -0.0040078   0.00315111   -0.0233138    0.0215427    0.0445327   0.00133419   -0.0146096   -0.0198544     0.109006  -0.00278129   0.00396944   0.00103458   -0.0252521   -0.0256463     0.191572   -0.0239509    0.0183089  -0.00236878    0.0398618    0.0455007    -0.323891     0.048275    0.0222544
  -0.0753736    0.0307453   -0.0733507      0.21342    -0.244409    -0.595561   -0.0136346     0.131182     0.085153    -0.895186    0.0903742   -0.0838147    -0.107923       0.4913     0.238738     -3.26752   -0.0209741    -0.320157     0.121557    -0.622482    -0.323891      4.37613    -0.313809    -0.191589
  0.00845542   -0.0603765   -0.0855445     0.504304     0.133094     0.787064     -0.38388    -0.072461   -0.0128713     0.378747     -2.65056    -0.170695    -0.361505   -0.0852446   -0.0354037     0.439365     -2.55012    -0.401694     0.745385     0.157706     0.048275    -0.313809      5.33377      1.35945
  0.00422415   -0.0191146   -0.0253724     0.257879   -0.0459146     0.239512    -0.115253   -0.0242609  -0.00828165     0.112774    -0.739353    -0.323458    -0.117476    -0.043585   -0.0139727     0.336693    -0.666014    -0.783566     0.232729    0.0678459    0.0222544    -0.191589      1.35945      1.34654
  prior b is
 0.00359674
-0.00739567
 -0.0117938
  0.0469288
  0.0156065
   0.109298
 -0.0274563
-0.00876467
 -0.0168008
  0.0662306
  -0.193176
 -0.0120983
 -0.0693607
 -0.0251791
-0.00870671
   0.122107
  -0.482672
  -0.101149
   0.096817
  0.0339438
  0.0255075
  -0.141409
   0.691455
   0.222545

Step 6: Construct problem2 solver.

Step 7: Add camera pose vertices.
problem2 has 4 cameras.

Step 8: Add prior for problem2.

Step 9: Start marginalize subnew frame.
  prior J is
  -0.0127879    0.0148349  0.000413873      -0.1405  -0.00123315    -0.022749    -0.022407  -0.00383575    -0.161811     0.253421    -0.124345   -0.0241207    0.0224071   0.00383573     0.161811    -0.393921     0.123111   0.00137179            0            0            0            0            0            0
           0    0.0162321   -0.0193081   -0.0615176   -0.0685639   -0.0536805     0.290818    0.0851091    0.0356701    -0.454853      1.89449     0.332202    -0.290818   -0.0851091   -0.0356701     0.393336     -1.96306    -0.385882            0            0            0            0            0            0
           0            0            0    0.0504926   -0.0279728   -0.0380356  9.96142e-08  5.20391e-08  6.86364e-08     0.213803    -0.241081     0.398309 -8.08286e-08 -5.49628e-08 -6.37414e-08    -0.163311     0.213108    -0.436344            0            0            0            0            0            0
           0            0            0            0   -0.0441498    0.0525164 -3.31114e-08  2.24315e-08 -1.48955e-08    -0.221482     0.324213     0.317377  -2.5833e-09  1.84237e-09 -2.45704e-08     0.221483    -0.368363    -0.264861            0            0            0            0            0            0
           0            0            0            0            0            0            0            0            0   -0.0470251   -0.0396052   -0.0332971 -6.09343e-08 -1.05336e-07  -7.2304e-08    0.0470252    0.0396052    0.0332972            0            0            0            0            0            0
           0            0            0            0            0            0            0            0            0            0            0            0            0            0            0            0  1.14753e-06  1.92795e-08            0            0            0            0            0            0
  prior r is
  -0.0544336
   -0.078426
   0.0037478
 0.000365799
   0.0101874
-0.000562064